2884
1391
4353
4640
3872
4663
3847
2416
1730
3007
4147
794
1337
2891
2904
2360
1725
3104
4100
1760
2505
4384
151
3589
1024
1366
2539
492
313
2971
3482
857
3532
1392
3681
1874
1973
1191
2535
2161
3396
2060
4484
2962
1348
4636
4126
638
3760
3182
3802
2824
885
4002
1981
3867
219
267
2735
1682
4255
3510
3114
823
4482
1921
3337
2644
1377
645
2407
956
935
3451
4407
528
2484
2310
2071
4333
2919
1784
2878
1133
2492
1567
3467
1309
1748
4652
2486
871
977
2087
428
4971
4738
1343
2735
834
1714
4354
599
4437
3741
2988
896
1217
3862
3408
4526
2186
2998
2502
2687
1522
4584
2641
1180
3754
4433
2786
3559
4115
53
1729
3349
3518
4865
1747
2002
3517
3615
4314
1886
777
3003
4021
4082
1278
1074
2439
4087
1024
4488
2007
4527
1411
3922
80
3586
3137
718
2994
3999
4123
1671
2312
2022
4164
1650
4688
4871
1041
4268
4805
1396
4556
4286
3418
3719
3196
36
366
458
2961
2089
2670
2970
3789
3471
196
3719
1174
1165
4340
1598
1177
694
2355
2644
1413
1604
1322
575
3538
3367
3725
379
4879
2069
2573
2782
440
4387
4383
3952
2460
2329
837
4441
2874
746
4879
1187
530
2171
3571
749
2351
506
2395
3742
2004
816
4436
2250
1356
1990
1123
2552
222
3769
915
694
1779
3905
509
2672
760
3777
3242
3563
4946
323
2173
972
3978
4411
836
177
1529
4140
2447
2395
3960
3654
4874
4331
1921
1877
2447
3504
2527
731
4456
3688
2631
1473
1536
891
167
2355
4066
4745
1860
3016
2813
1568
4044
4505
1671
4047
2727
193
1040
2890
1741
2816
4855
1468
524
2613
3989
671
3023
3686
1845
4789
976
1071
2786
1118
703
4249
144
1531
4731
4205
214
4918
642
2402
2756
3953
4215
1026
3340
329
25
3220
687
1428
2532
4237
3047
1377
2300
195
448
929
314
4306
3218
2361
1626
3916
1807
1197
298
3827
1419
682
4196
1990
3938
4282
938
753
856
1668
3581
2253
2376
4517
4526
2743
287
1439
2107
1552
4941
4694
2175
2980
4357
2075
310
4687
1884
2111
2462
533
1510
2308
1752
2432
4030
3463
2737
507
220
1703
782
3861
2627
1994
1866
1007
1816
1840
1396
1666
934
3192
681
190
4560
4309
985
4474
331
1336
1499
2498
3963
2430
3577
2715
2870
3592
876
3497
3558
1497
3203
3987
2744
996
177
2613
3462
973
4107
418
1104
1561
1654
2460
1111
1536
843
4064
2020
4993
3450
2393
4476
78
2746
1937
2159
934
364
2351
2942
1746
3858
4857
2920
3463
3268
1094
4757
4939
1181
3985
1350
3593
3782
418
2647
2682
1012
525
160
3879
2188
4017
737
2201
218
2798
2563
4806
582
1238
1416
3589
1531
617
4425
1571
4972
2084
131
3427
4322
4641
4470
2000
4331
498
4422
4842
4882
3193
2874
1836
1656
3096
666
2015
2902
829
4586
2339
1707
283
3114
4358
3730
1813
1183
2164
2411
877
4811
3649
3991
2528
3859
797
1907
181
3898
1187
1308
4773
409
4375
791
4728
1601
1658
2206
1836
712
1617
4439
4763
4955
769
754
1220
3254
2693
3191
2897
2932
4846
4140
1900
4717
2322
3772
4274
4168
2566
161
23
500
52
3606
1
2945
1672
579
68
1318
698
530
1584
2418
2055
3368
3523
4698
1158
4016
4583
343
858
1184
4341
291
1384
210
4720
2713
296
2760
4550
4374
2102
1972
4265
4776
4785
3542
4611
1855
12
1611
554
1906
544
1598
1336
3344
2554
3239
2172
4637
3264
4715
1458
622
4032
3444
1446
2989
2645
4650
1190
899
2823
3550
4569
4903
1532
4703
1497
3799
638
3822
2930
2185
2168
2133
81
4945
4321
4825
911
4870
2586
2445
4536
1325
3467
3597
1740
1351
2507
3254
1494
1376
3216
2420
3748
1891
171
1263
4044
1872
960
739
4757
2407
4427
1846
4202
4236
3300
1251
2160
3504
58
1897
3684
4875
569
4220
677
1801
3766
2888
4811
2481
378
4872
3684
1531
3427
2511
3916
31
4199
2110
2489
4221
4283
4921
2238
378
1687
2827
914
3043
2468
1331
3931
1925
1561
4849
61
1075
3854
4630
2466
4847
151
2882
215
4276
4552
3802
401
3730
4334
882
3400
452
3506
1105
3236
4304
4497
941
1241
4885
2555
2405
817
136
303
3135
3421
1560
0
3567
4535
4789
2519
2755
2212
1132
196
3534
417
947
2887
1032
3270
2881
3946
2560
2016
453
1029
2733
2118
2879
2482
2079
2940
3025
2704
4005
4528
4538
1665
890
1725
1678
2269
1453
2313
503
2602
602
1740
4484
4098
3707
3867
1590
267
1834
778
405
2836
4695
1183
4085
2876
1256
3984
1343
778
3390
1956
1273
1682
3365
4840
3456
2393
3089
1817
3497
3607
4844
1956
3034
979
4150
2709
3399
2602
3451
4565
906
699
2695
3900
4246
4924
2656
1718
4460
3818
3993
2170
4418
3569
2658
4354
2802
2758
3108
2238
185
2972
2981
626
3519
4736
1938
2612
1879
1665
1605
3068
3788
3103
925
632
464
3047
440
1465
4276
4203
609
3661
2263
2550
2028
2579
1428
1517
2633
1023
4320
3517
2536
2189
2201
84
2017
3521
1454
3795
1471
1277
284
3717
2282
4118
3586
634
4059
1549
4154
334
2505
4603
3309
2756
2884
928
40
1783
493
3922
4014
580
1247
2076
2051
3929
4040
4133
3080
3445
1632
1487
2241
382
2664
4872
2794
1346
3849
3209
364
4196
338
1555
3678
3125
3702
4780
1425
1053
426
1527
867
3290
4470
3548
3905
4941
2499
794
4005
613
114
4143
2721
3101
1705
1982
4904
3480
867
2490
3555
1056
133
1692
4856
4488
3808
3439
4193
885
957
2468
60
153
3063
2765
3872
1492
168
1191
4116
711
1537
40
3500
3526
2419
1822
871
4908
3453
