0
1
12
23
25
31
36
40
40
52
53
58
60
61
68
78
80
81
84
114
131
133
136
144
151
151
153
160
161
167
168
171
177
177
181
185
190
193
195
196
196
210
214
215
218
219
220
222
267
267
283
284
287
291
296
298
303
310
313
314
323
329
331
334
338
343
364
364
366
378
378
379
382
401
405
409
417
418
418
426
428
440
440
448
452
453
458
464
492
493
498
500
503
506
507
509
524
525
528
530
530
533
544
554
569
575
579
580
582
599
602
609
613
617
622
626
632
634
638
638
642
645
666
671
677
681
682
687
694
694
698
699
703
711
712
718
731
737
739
746
749
753
754
760
769
777
778
778
782
791
794
794
797
816
817
823
829
834
836
837
843
856
857
858
867
867
871
871
876
877
882
885
885
890
891
896
899
906
911
914
915
925
928
929
934
934
935
938
941
947
956
957
960
972
973
976
977
979
985
996
1007
1012
1023
1024
1024
1026
1029
1032
1040
1041
1053
1056
1071
1074
1075
1094
1104
1105
1111
1118
1123
1132
1133
1158
1165
1174
1177
1180
1181
1183
1183
1184
1187
1187
1190
1191
1191
1197
1217
1220
1238
1241
1247
1251
1256
1263
1273
1277
1278
1308
1309
1318
1322
1325
1331
1336
1336
1337
1343
1343
1346
1348
1350
1351
1356
1366
1376
1377
1377
1384
1391
1392
1396
1396
1411
1413
1416
1419
1425
1428
1428
1439
1446
1453
1454
1458
1465
1468
1471
1473
1487
1492
1494
1497
1497
1499
1510
1517
1522
1527
1529
1531
1531
1531
1532
1536
1536
1537
1549
1552
1555
1560
1561
1561
1567
1568
1571
1584
1590
1598
1598
1601
1604
1605
1611
1617
1626
1632
1650
1654
1656
1658
1665
1665
1666
1668
1671
1671
1672
1678
1682
1682
1687
1692
1703
1705
1707
1714
1718
1725
1725
1729
1730
1740
1740
1741
1746
1747
1748
1752
1760
1779
1783
1784
1801
1807
1813
1816
1817
1822
1834
1836
1836
1840
1845
1846
1855
1860
1866
1872
1874
1877
1879
1884
1886
1891
1897
1900
1906
1907
1921
1921
1925
1937
1938
1956
1956
1972
1973
1981
1982
1990
1990
1994
2000
2002
2004
2007
2015
2016
2017
2020
2022
2028
2051
2055
2060
2069
2071
2075
2076
2079
2084
2087
2089
2102
2107
2110
2111
2118
2133
2159
2160
2161
2164
2168
2170
2171
2172
2173
2175
2185
2186
2188
2189
2201
2201
2206
2212
2238
2238
2241
2250
2253
2263
2269
2282
2300
2308
2310
2312
2313
2322
2329
2339
2351
2351
2355
2355
2360
2361
2376
2393
2393
2395
2395
2402
2405
2407
2407
2411
2416
2418
2419
2420
2430
2432
2439
2445
2447
2447
2460
2460
2462
2466
2468
2468
2481
2482
2484
2486
2489
2490
2492
2498
2499
2502
2505
2505
2507
2511
2519
2527
2528
2532
2535
2536
2539
2550
2552
2554
2555
2560
2563
2566
2573
2579
2586
2602
2602
2612
2613
2613
2627
2631
2633
2641
2644
2644
2645
2647
2656
2658
2664
2670
2672
2682
2687
2693
2695
2704
2709
2713
2715
2721
2727
2733
2735
2735
2737
2743
2744
2746
2755
2756
2756
2758
2760
2765
2782
2786
2786
2794
2798
2802
2813
2816
2823
2824
2827
2836
2870
2874
2874
2876
2878
2879
2881
2882
2884
2884
2887
2888
2890
2891
2897
2902
2904
2919
2920
2930
2932
2940
2942
2945
2961
2962
2970
2971
2972
2980
2981
2988
2989
2994
2998
3003
3007
3016
3023
3025
3034
3043
3047
3047
3063
3068
3080
3089
3096
3101
3103
3104
3108
3114
3114
3125
3135
3137
3182
3191
3192
3193
3196
3203
3209
3216
3218
3220
3236
3239
3242
3254
3254
3264
3268
3270
3290
3300
3309
3337
3340
3344
3349
3365
3367
3368
3390
3396
3399
3400
3408
3418
3421
3427
3427
3439
3444
3445
3450
3451
3451
3453
3456
3462
3463
3463
3467
3467
3471
3480
3482
3497
3497
3500
3504
3504
3506
3510
3517
3517
3518
3519
3521
3523
3526
3532
3534
3538
3542
3548
3550
3555
3558
3559
3563
3567
3569
3571
3577
3581
3586
3586
3589
3589
3592
3593
3597
3606
3607
3615
3649
3654
3661
3678
3681
3684
3684
3686
3688
3702
3707
3717
3719
3719
3725
3730
3730
3741
3742
3748
3754
3760
3766
3769
3772
3777
3782
3788
3789
3795
3799
3802
3802
3808
3818
3822
3827
3847
3849
3854
3858
3859
3861
3862
3867
3867
3872
3872
3879
3898
3900
3905
3905
3916
3916
3922
3922
3929
3931
3938
3946
3952
3953
3960
3963
3978
3984
3985
3987
3989
3991
3993
3999
4002
4005
4005
4014
4016
4017
4021
4030
4032
4040
4044
4044
4047
4059
4064
4066
4082
4085
4087
4098
4100
4107
4115
4116
4118
4123
4126
4133
4140
4140
4143
4147
4150
4154
4164
4168
4193
4196
4196
4199
4202
4203
4205
4215
4220
4221
4236
4237
4246
4249
4255
4265
4268
4274
4276
4276
4282
4283
4286
4304
4306
4309
4314
4320
4321
4322
4331
4331
4333
4334
4340
4341
4353
4354
4354
4357
4358
4374
4375
4383
4384
4387
4407
4411
4418
4422
4425
4427
4433
4436
4437
4439
4441
4456
4460
4470
4470
4474
4476
4482
4484
4484
4488
4488
4497
4505
4517
4526
4526
4527
4528
4535
4536
4538
4550
4552
4556
4560
4565
4569
4583
4584
4586
4603
4611
4630
4636
4637
4640
4641
4650
4652
4663
4687
4688
4694
4695
4698
4703
4715
4717
4720
4728
4731
4736
4738
4745
4757
4757
4763
4773
4776
4780
4785
4789
4789
4805
4806
4811
4811
4825
4840
4842
4844
4846
4847
4849
4855
4856
4857
4865
4870
4871
4872
4872
4874
4875
4879
4879
4882
4885
4903
4904
4908
4918
4921
4924
4939
4941
4941
4945
4946
4955
4971
4972
4993
